version https://git-lfs.github.com/spec/v1
oid sha256:92e8ebcd7fc027ca756d32784876876af8b30dcebedfd5bd2975174c8d44bb35
size 1088
